# /home/kaiser/Software/anaconda3/envs/snakemake/bin/dadi-cli InferDFE --fs 1KG.YRI.nonsynonymous.snps.unfold.fs --cache1d 1KG.YRI.two_epoch.sel.spectra.bpkl --demo-popt 1KG.YRI.two_epoch_1d.InferDM.bestfits --output-prefix 1KG.YRI.two_epoch_1d.lognormal --pdf1d lognormal --p0 5 5 0.5 --ubounds -1 -1 1 --lbounds -1 -1 10e-5 --misid --ratio 2.31 --thread 100
--	nan	nan	0.8805903294038007	16312.547080395127
--	nan	nan	0.8805903294038007	16312.547080395127
--	nan	nan	0.8805903294038007	16312.547080395127
--	nan	nan	0.8805903294038007	16312.547080395127
--	nan	nan	0.8805903294038007	16312.547080395127
--	nan	nan	0.8805903294038007	16312.547080395127
--	nan	nan	0.8805903294038007	16312.547080395127
--	nan	nan	0.8805903294038007	16312.547080395127
--	nan	nan	0.2859218740487403	16312.547080395127
--	nan	nan	0.2859218740487403	16312.547080395127
--	nan	nan	0.2859218740487403	16312.547080395127
--	nan	nan	0.2859218740487403	16312.547080395127
--	nan	nan	0.2859218740487403	16312.547080395127
--	nan	nan	0.2859218740487403	16312.547080395127
--	nan	nan	0.2859218740487403	16312.547080395127
--	nan	nan	0.2859218740487403	16312.547080395127
--	nan	nan	0.7871052227468222	16312.547080395127
--	nan	nan	0.7871052227468222	16312.547080395127
--	nan	nan	0.7871052227468222	16312.547080395127
--	nan	nan	0.7871052227468222	16312.547080395127
--	nan	nan	0.7871052227468222	16312.547080395127
--	nan	nan	0.7871052227468222	16312.547080395127
--	nan	nan	0.7871052227468222	16312.547080395127
--	nan	nan	0.7871052227468222	16312.547080395127
--	nan	nan	0.5475879954941498	16312.547080395127
--	nan	nan	0.5475879954941498	16312.547080395127
--	nan	nan	0.5475879954941498	16312.547080395127
--	nan	nan	0.5475879954941498	16312.547080395127
--	nan	nan	0.5475879954941498	16312.547080395127
--	nan	nan	0.5475879954941498	16312.547080395127
--	nan	nan	0.5475879954941498	16312.547080395127
--	nan	nan	0.5475879954941498	16312.547080395127
--	nan	nan	0.36281108229959824	16312.547080395127
--	nan	nan	0.36281108229959824	16312.547080395127
--	nan	nan	0.36281108229959824	16312.547080395127
--	nan	nan	0.36281108229959824	16312.547080395127
--	nan	nan	0.36281108229959824	16312.547080395127
--	nan	nan	0.36281108229959824	16312.547080395127
--	nan	nan	0.36281108229959824	16312.547080395127
--	nan	nan	0.36281108229959824	16312.547080395127
--	nan	nan	0.2670716400045115	16312.547080395127
--	nan	nan	0.2670716400045115	16312.547080395127
--	nan	nan	0.2670716400045115	16312.547080395127
--	nan	nan	0.2670716400045115	16312.547080395127
--	nan	nan	0.2670716400045115	16312.547080395127
--	nan	nan	0.2670716400045115	16312.547080395127
--	nan	nan	0.2670716400045115	16312.547080395127
--	nan	nan	0.2670716400045115	16312.547080395127
--	nan	nan	0.3493362198342062	16312.547080395127
--	nan	nan	0.3493362198342062	16312.547080395127
--	nan	nan	0.3493362198342062	16312.547080395127
--	nan	nan	0.3493362198342062	16312.547080395127
--	nan	nan	0.3493362198342062	16312.547080395127
--	nan	nan	0.3493362198342062	16312.547080395127
--	nan	nan	0.3493362198342062	16312.547080395127
--	nan	nan	0.3493362198342062	16312.547080395127
--	nan	nan	0.774617401881391	16312.547080395127
--	nan	nan	0.774617401881391	16312.547080395127
--	nan	nan	0.774617401881391	16312.547080395127
--	nan	nan	0.774617401881391	16312.547080395127
--	nan	nan	0.774617401881391	16312.547080395127
--	nan	nan	0.774617401881391	16312.547080395127
--	nan	nan	0.774617401881391	16312.547080395127
--	nan	nan	0.774617401881391	16312.547080395127
--	nan	nan	0.39177692712128104	16312.547080395127
--	nan	nan	0.39177692712128104	16312.547080395127
--	nan	nan	0.39177692712128104	16312.547080395127
--	nan	nan	0.39177692712128104	16312.547080395127
--	nan	nan	0.39177692712128104	16312.547080395127
--	nan	nan	0.39177692712128104	16312.547080395127
--	nan	nan	0.39177692712128104	16312.547080395127
--	nan	nan	0.39177692712128104	16312.547080395127
--	nan	nan	0.26239226306766167	16312.547080395127
--	nan	nan	0.26239226306766167	16312.547080395127
--	nan	nan	0.26239226306766167	16312.547080395127
--	nan	nan	0.26239226306766167	16312.547080395127
--	nan	nan	0.26239226306766167	16312.547080395127
--	nan	nan	0.26239226306766167	16312.547080395127
--	nan	nan	0.26239226306766167	16312.547080395127
--	nan	nan	0.26239226306766167	16312.547080395127
--	nan	nan	0.34472185368100206	16312.547080395127
--	nan	nan	0.34472185368100206	16312.547080395127
--	nan	nan	0.34472185368100206	16312.547080395127
--	nan	nan	0.34472185368100206	16312.547080395127
--	nan	nan	0.34472185368100206	16312.547080395127
--	nan	nan	0.34472185368100206	16312.547080395127
--	nan	nan	0.34472185368100206	16312.547080395127
--	nan	nan	0.34472185368100206	16312.547080395127
--	nan	nan	0.7370072176961692	16312.547080395127
--	nan	nan	0.7370072176961692	16312.547080395127
--	nan	nan	0.7370072176961692	16312.547080395127
--	nan	nan	0.7370072176961692	16312.547080395127
--	nan	nan	0.7370072176961692	16312.547080395127
--	nan	nan	0.7370072176961692	16312.547080395127
--	nan	nan	0.7370072176961692	16312.547080395127
--	nan	nan	0.85155120477965	16312.547080395127
--	nan	nan	0.7370072176961692	16312.547080395127
--	nan	nan	0.85155120477965	16312.547080395127
--	nan	nan	0.85155120477965	16312.547080395127
--	nan	nan	0.85155120477965	16312.547080395127
