# /home/kaiser/Software/anaconda3/envs/snakemake/bin/dadi-cli InferDM --fs 1KG.YRI.synonymous.snps.unfold.fs --model two_epoch_1d --misid --p0 5 5 0.5 --ubounds 10 10 1 --lbounds 10e-3 10e-3 10e-5 --output-prefix 1KG.YRI.two_epoch_1d --thread 100
-1276.3034794551013	2.3794732497816984	0.25698100802590795	0.016959460404333774	7063.59718750844
-1276.3049269995342	2.378860714930487	0.2569236025229376	0.017037772426994283	7064.726188283904
-1276.3011391733207	2.3807750502758203	0.25712252168859356	0.017015527877246535	7061.1238972745605
-1276.3031473448982	2.3819451653013566	0.25724797685590983	0.017032563983408265	7058.908817432578
-1276.306644578333	2.3830128417490792	0.2573582514586735	0.01703848680106424	7056.9046288987765
-1276.305553348191	2.3782052259296886	0.2568437050277802	0.016977540268552	7066.005943990748
-1276.302879118754	2.381389486028181	0.2572014642725537	0.017036996655341044	7059.910038926721
-1276.302335457317	2.3816302445214586	0.25722352849822955	0.017021888299024898	7059.468895951721
-1276.3028807931696	2.3793954081628623	0.2569664069100617	0.01697352153126754	7063.768197951596
-1276.3084633632097	2.38345308900621	0.2574164506179077	0.017042217268023848	7056.030327006032
-1276.3105585993583	2.381549368122746	0.2572110807895438	0.017099330370240622	7059.636638107586
-1276.3010739471013	2.3803031975500764	0.2570694653309631	0.017000059446811117	7062.02679235154
-1276.3306478587754	2.3832143082412696	0.25738363803819686	0.016854627237999503	7056.509390805468
-1276.3016729945423	2.3796493818332802	0.25700293132002616	0.016989596555099146	7063.251919338352
-1821.2142042072487	3.8518202415344325	1.7955545293401904	0.02357416237683584	3839.140143522135
-1276.3131280591588	2.384195735858452	0.2574953931790751	0.01705744341395265	7054.629046295403
-1276.30753079453	2.383274835996171	0.25739721021979595	0.01703893276996301	7056.367885892464
-1276.3027715008745	2.38158370297512	0.25721917367887415	0.017033007325066032	7059.554517488576
-1276.3012037240426	2.3801148599168047	0.25705055117571296	0.01699221726553607	7062.378741971732
-1276.3031181881342	2.3819468644153443	0.2572488890579254	0.017032442809243924	7058.902861021913
-1276.3025171606846	2.381682888793627	0.2572315803671789	0.01702224248171428	7059.35990951878
-1276.3050788360752	2.382683187676812	0.2573327139659848	0.017032831874986946	7057.490989440502
-1276.3251922277236	2.3796390139557677	0.25701102227019296	0.01684768861436542	7063.235805715141
-1276.303055252864	2.3789191508596454	0.25692593360363336	0.016996190074731812	7064.630715172454
-1276.3014781017182	2.380047123105494	0.25703959228316614	0.01701478854308662	7062.520943661764
-1276.3027185632868	2.3806305488243797	0.2571081722488957	0.016960388161276003	7061.393237748851
-1276.3009703063324	2.38078878347346	0.25712529053680266	0.017006979767530826	7061.093009708332
-1276.301242132619	2.3810419563392657	0.2571522854465925	0.017015840143336333	7060.614201773611
-1276.3031041521701	2.3819440423401614	0.257249072549761	0.017032620841128113	7058.90637671158
-1276.3080979979686	2.3777736949940937	0.2567944520121811	0.01702806648237768	7066.835555655555
-1276.3031399910467	2.3812863064204772	0.25717739390782063	0.016962680599968184	7060.155680049877
-1276.307550208413	2.3834026555735455	0.25741216124555244	0.017026452618707656	7056.121348403334
-1276.3045546670855	2.3789916981173533	0.2569145475937622	0.016963156124932065	7064.56555246853
-1276.30800793462	2.377639095896496	0.25678584732117116	0.01697073997169028	7067.068854817444
-1276.3087060467046	2.3797373218418207	0.2570220633069551	0.016917362963527915	7063.047602101618
-1276.3011173110717	2.3809400021334612	0.2571417736442315	0.016994687023856918	7060.805636317425
-1276.3018747779647	2.381248376067133	0.25718145278525073	0.016986014107628532	7060.196119098157
-1276.3027580915023	2.3817134858496187	0.2572236805235321	0.016978232792988955	7059.34524594156
-1276.3179394912195	2.379942533735232	0.25703627596547224	0.01713050105254372	7062.689096172871
-1276.3070074734865	2.3810126090631414	0.2571464689110574	0.01692748984437048	7060.67979429649
-1276.3019359552577	2.3815755487205976	0.2572043855069997	0.01700964301877408	7059.623246494901
-1276.3023280107393	2.381699022653071	0.2572250254960245	0.017024698192575682	7059.361550177108
-1276.3155955574002	2.380272756065427	0.25687960967602963	0.01691009989570899	7062.785811734269
-1276.3021372805415	2.379503942901045	0.2569883212255103	0.016981919803776974	7063.523669827957
-1276.3020517357659	2.380757850370101	0.2571159322510133	0.016973097873677567	7061.174289509432
-1276.3031651333695	2.38195244840947	0.25724936535056964	0.017033042403250914	7058.892753196478
-1276.3031190530658	2.3819458508386084	0.2572490621980497	0.017032695604935123	7058.90372109426
-1276.3031651064757	2.381976284725426	0.25725291874120937	0.01703279789798096	7058.843898585271
-1276.3063153915364	2.3824606617348945	0.25730351809469304	0.01705845452209279	7057.932381366428
-1276.3028178536624	2.3805982779863424	0.2570990028278155	0.017044202726279045	7061.47580507048
-1276.3018061233338	2.3812620536505666	0.25717754537859794	0.016983125518461324	7060.19109993845
-1276.3034116641413	2.3804805203584913	0.25708911256245903	0.016953371459695932	7061.688550979196
-1276.3009251165713	2.380464905458584	0.25708994969363813	0.017003244089836902	7061.708692811743
-1276.3082507987733	2.381495060769489	0.2571033663767352	0.01694770860126624	7060.122651965336
-1276.3469743497485	2.3841855392760696	0.2575195606288728	0.0172010198333873	7054.55027728146
-1276.3064797217048	2.3824523590654216	0.25731009567543583	0.01705927692198458	7057.919378406701
-1276.3025758067115	2.381774431288827	0.2572333297326412	0.016984705585356856	7059.217983590763
-1276.3177720771293	2.3800551004754436	0.25704703426344305	0.017130726218537815	7062.480950521102
-1276.3015318709013	2.3796822075294175	0.2570066342718061	0.017003098674043593	7063.189012535186
-1276.3098647104744	2.3806156646438343	0.2570928534933742	0.017095067946772756	7061.472975978639
-1276.3031748372673	2.3819467816718274	0.2572476410851789	0.01703267686548576	7058.907669862641
-1276.3032365069446	2.3821453555331886	0.25727922186500485	0.016996980351977005	7058.492294248381
-1276.3031346800624	2.3819459519160606	0.25724864951616855	0.017032698298867128	7058.905119904211
-1276.3028893640126	2.379250705879961	0.2569599523176046	0.016973461702542637	7064.008276271134
-1276.3022174381344	2.381604692999426	0.25721398002810686	0.017026452756705165	7059.543701683995
-1276.3032365069446	2.3821453555331886	0.25727922186500485	0.016996980351977005	7058.492294248381
-1276.302695180119	2.3806397152581544	0.25710934003043645	0.01696078485473093	7061.375160794411
-1276.517317204096	2.382040573389223	0.2503455053997401	0.01679440286166645	7085.417840245787
-1276.3012983761582	2.3811014591975996	0.2571620449948284	0.017010733482372704	7060.488451754941
-1276.3032040877029	2.3814097806668766	0.25718739649983735	0.016965506114569547	7059.934087006264
-1276.312024014865	2.3841452172081907	0.25749206703450733	0.017045614855081978	7054.716417139158
-1276.375140162197	2.389528446937593	0.258086736239682	0.017138531188127692	7044.488378163912
-1276.3013858889244	2.3812649275749243	0.2571766661241963	0.017013805414421813	7060.190271642211
-1276.306618149985	2.3806149264688976	0.2571038938133903	0.017077986459972588	7061.432610529
-1276.3018207737275	2.3813726206730417	0.2571876436142373	0.01702429688246558	7059.988542786631
-1276.3131305780043	2.3802436154959534	0.2570718458964627	0.016892529781559317	7062.105999560097
-1276.3084304315016	2.3834407350192435	0.2574157192966143	0.01704218995340365	7056.0513830844275
-1276.3057418375638	2.3804547482043477	0.2570781911566545	0.016935542548068984	7061.768004435688
-1276.3031583582092	2.3819521185811987	0.2572494551160566	0.017033012118806094	7058.892907573315
-1276.3030960865285	2.3805460241468284	0.25709413600286724	0.016957618891270673	7061.572003090057
-1278.2959635772822	2.4266349765818043	0.26517114952688164	0.016557516705042057	6963.4611328893225
-1276.307863540206	2.383326610209146	0.2574040919318384	0.017040271115961136	7056.264816496803
-1276.3022588551978	2.381363742730695	0.2571920224483399	0.017030896239216907	7059.984720360648
-1276.3185793519845	2.377706311307658	0.25678536469800006	0.016888576955490626	7066.970365472474
-1276.3034343086854	2.380213181819059	0.25706451092962745	0.016952862891885325	7062.179463932716
-1276.3023195323608	2.3811422660752335	0.25716123835177035	0.01703704027092077	7060.431050344507
-1276.3015763864082	2.379809707111012	0.25701261029026307	0.017003751326988874	7062.976466442217
-1276.3078355058683	2.3796025550956337	0.2569845285425	0.017076294147733675	7063.391023216816
-1276.31087245929	2.38083857765577	0.2571294082578898	0.01710307525859162	7061.003318141212
-1276.3078355058683	2.3796025550956337	0.2569845285425	0.017076294147733675	7063.391023216816
-1276.315440864943	2.38253064396573	0.2573109225067186	0.01711553946902659	7057.800353644244
-1276.3028271672524	2.3800258874599196	0.2570359120740671	0.01696274202847076	7062.5664440553865
-1276.3059747351215	2.3800898024072437	0.2570299247852919	0.016936151675348187	7062.493598653831
-1276.4007044783175	2.384708695116403	0.25756223135947953	0.017309657852654814	7053.613704302882
-1276.3025301439197	2.3798241936842537	0.25702654529672103	0.016968868298002943	7062.901794179832
-1276.3029521370163	2.3798649960442684	0.2570255844696704	0.01695974260205889	7062.845225962011
-1276.3054033951903	2.3785253886988387	0.25689672177457057	0.016969861354439664	7065.326594315724
-1276.3016066557793	2.380548993854995	0.25709213484013865	0.016981390892875425	7061.575090827425
-1288.189627494355	2.4939212705990372	0.3229261022933432	0.018426340795710622	6674.585568764479
-1276.303168706387	2.3798056649551067	0.2570323958686695	0.017037294325713534	7062.906447176204
