# /Users/user/mambaforge/envs/dadi-cli-cpu/bin/dadi-cli InferDFE --fs examples/results/fs/1KG.YRI.CEU.20.non.unfolded.fs --cache1d examples/results/caches/1KG.YRI.CEU.20.split_mig_sel_single_gamma.spectra.bpkl --cache2d examples/results/caches/1KG.YRI.CEU.20.split_mig_sel.spectra.bpkl --pdf1d lognormal --pdf2d biv_lognormal --mix-pdf mixture_lognormal --p0 1 1 0 .5 .5 --lbounds -10 0.01 -1 0.001 0 --ubounds 10 10 -1 0.999 0.5 --constants -1 -1 0 -1 -1 --demo-popt examples/results/demog/1KG.YRI.CEU.20.split_mig.demog.params.InferDM.bestfits --ratio 2.31 --output examples/results/dfe/1KG.YRI.CEU.20.split_mig.dfe.lognormal_mixture.params --force-convergence 100 --cpus 128
# Log(likelihood)	log_mu	log_sigma	rho	w	misid	theta
--	-0.7360235811982401	0.01	0.0	0.2953210757936148	0.4948975382113631	15691.446711371886
--	-0.3003668907182826	0.01	0.0	0.4211799662903033	0.23635786818039617	15691.446711371886
--	-0.2780635740421573	0.01	0.0	0.1725590526144059	0.4948512898214468	15691.446711371886
--	-0.6594745097630514	0.01	0.0	0.1277600013905119	0.28898436192123933	15691.446711371886
--	-0.1824934813082062	0.01	0.0	0.38931310798492935	0.4948570216746054	15691.446711371886
--	1.0075243659898536	0.01	0.0	0.9884944943132518	0.30835006719845964	15691.446711371886
--	1.0466582597624723	0.01	0.0	0.8299601285629721	0.4943877585682236	15691.446711371886
-19712.3934595447	0.9870824436400362	0.3128195567438328	0.0	0.7378065154161255	0.49462240793372914	15691.446711371886
-19842.27882706532	1.0344405854298246	0.35118612558183127	0.0	0.6721052524690345	0.49563911812252737	15691.446711371886
-19660.918157767923	0.9971902792709765	0.3016028446259936	0.0	0.17903642060281894	0.49389086730069587	15691.446711371886
-19760.50648104149	0.9648747991905844	0.28112561964174904	0.0	0.324659198956742	0.49564590116743196	15691.446711371886
--	-0.10448317945032981	0.01	0.0	0.35244829343016343	0.2816475092479637	15691.446711371886
-19520.967828249548	1.0181489016482788	0.3481312131577661	0.0	0.9906059993092027	0.49056243532578225	15691.446711371886
-19755.136362292156	0.9865839032703955	0.31557533046841346	0.0	0.8217754759896682	0.4952846193650396	15691.446711371886
-19740.694046086566	0.9593727956793678	0.26525369682754735	0.0	0.010119383112563793	0.4953556973355014	15691.446711371886
-19617.744308390036	0.9948923499327466	0.2925630740197311	0.0	0.013324944328430911	0.49324764832414386	15691.446711371886
-19684.06611296665	0.8995009520357871	0.23263922394611927	0.0	0.394837605541041	0.49445247247716445	15691.446711371886
-19486.166373855795	0.9767846872612649	0.3107283103397141	0.0	0.9895808536931153	0.4909669940453504	15691.446711371886
-19585.9149384014	0.939547744011554	0.250854598468426	0.0	0.01565964064121465	0.49284909907609586	15691.446711371886
-19840.8763837559	1.0053639786487147	0.3103215587358021	0.0	0.22703803176546639	0.4967143671661816	15691.446711371886
-19691.814494437043	0.9823290688444565	0.3065099290547385	0.0	0.650458064597541	0.49437202518859735	15691.446711371886
-2851.3578668000587	0.9237013091382917	0.2403785327499121	0.0	0.04328068011550726	0.039477088955915104	15691.446711371886
-19520.909957202126	0.9283152747787149	0.2458754604155469	0.0	0.10758391193631404	0.4917884966903085	15691.446711371886
-2850.1993047322594	-0.007727761362493032	0.252619968208482	0.0	0.23883967858480354	0.039535744616974386	15691.446711371886
-2851.264954379656	0.8503855269055277	0.20069446147777262	0.0	0.588660621102862	0.03940806662894177	15691.446711371886
-2851.263270616363	0.8145231362466887	0.16789460928715633	0.0	0.04218837540507806	0.03933191585716779	15691.446711371886
-2860.6470894001004	0.8822694344906751	0.21599345262464686	0.0	0.22218869511694553	0.03421011936394085	15691.446711371886
-2851.7604639133824	0.9195937757634356	0.2594741237045867	0.0	0.9402216688441724	0.03913543894724626	15691.446711371886
-13203.973911416439	0.7991374411546449	0.16009468369916915	0.0	0.1422971294189985	0.3750647710771294	15691.446711371886
--	10.0	0.01	0.0	0.999	0.19841520950059177	15691.446711371886
-2851.634039785121	0.9289854080992671	0.25566216736650743	0.0	0.4212802117459938	0.039206917709437294	15691.446711371886
-15942.127937100322	0.9859444476384938	0.28996943686489846	0.0	0.11240627285593749	0.42908096726195794	15691.446711371886
-2851.6769804892742	0.9378602512052172	0.254881566785612	0.0	0.16926960652238635	0.039643921424114735	15691.446711371886
-2851.390638275711	0.9270960883064344	0.24334987547145778	0.0	0.060314772795767156	0.03943881588212265	15691.446711371886
-3794.641895488832	0.9093085407199386	0.25158115084425625	0.0	0.98383544003426	0.11027826492930291	15691.446711371886
--	-3.3867394002894593	0.01	0.0	0.001	0.032338195064886235	15691.446711371886
--	-1.961770397197932	0.01	0.0	0.001	0.3465020746844993	15691.446711371886
-22375.895616801918	4.869990676581976	6.252684125380552	0.0	0.9782210606446251	0.4888437441448017	15691.446711371886
--	10.0	0.01	0.0	0.6578205979456604	0.2991960942984967	15691.446711371886
-1389.6951703554314	5.690643919075212	7.889813510955105	0.0	0.005298842176908027	0.016563565538360296	15691.446711371886
-1389.6703800124028	5.7197756978091725	7.950088990578718	0.0	0.0055145426441435145	0.01650693678863179	15691.446711371886
-1389.6897269375243	5.694630558134185	7.898490302895273	0.0	0.0057852807119861335	0.016555769094985625	15691.446711371886
-1389.6771779530516	5.706646417236017	7.923487311647216	0.0	0.005755084237161182	0.01660639759342783	15691.446711371886
--	-3.643773213470922	0.01	0.0	0.001	0.008045283990159028	15691.446711371886
-1389.6708433425363	5.725627769391668	7.9595978201246	0.0	0.005465533441850995	0.016507815502839984	15691.446711371886
-1389.6820436074845	5.7425235288061	7.997903797123233	0.0	0.005472733067745216	0.01649799933478728	15691.446711371886
-1389.6818005593782	5.70010730527004	7.909291894834199	0.0	0.005537315581501661	0.016576039329195467	15691.446711371886
-20707.751650890426	6.33957957490672	9.953402751342226	0.0	0.970489195470028	0.45989018554844663	15691.446711371886
-1389.6819114242521	5.700531461987301	7.909206323034398	0.0	0.005584710407264839	0.01655823467541908	15691.446711371886
-1389.6743487126469	5.708846261055273	7.926273975213437	0.0	0.005553592054291249	0.016547002858986543	15691.446711371886
-18644.304704659487	6.570489244582973	9.99598126340935	0.0	0.74905836426058	0.45140546491415173	15691.446711371886
-1389.6715997390338	5.7132362816647255	7.936302508418103	0.0	0.005572660573347067	0.01654096700016085	15691.446711371886
-1389.6701607300577	5.718298704887351	7.947417560329133	0.0	0.005547812847235796	0.016527044304603725	15691.446711371886
-1389.6700061128201	5.723303669229437	7.9575898516580486	0.0	0.005636688182266132	0.01652940417226678	15691.446711371886
-1389.6730231507256	5.710386971836767	7.9308070332325835	0.0	0.005560066062813168	0.01654792824536766	15691.446711371886
-1389.6703704971933	5.717425498319992	7.9445865787393775	0.0	0.0056126320523124575	0.01653271988362968	15691.446711371886
-1389.6706280965132	5.716319663233811	7.9427042004780715	0.0	0.0055768938352005444	0.016530764001285163	15691.446711371886
-1389.6709109386645	5.71671112586406	7.944164389829982	0.0	0.005731793080371953	0.016540470439855327	15691.446711371886
-1389.691468840545	5.692608378721358	7.894049999364426	0.0	0.005593296844727108	0.016575868659000067	15691.446711371886
-1389.728462710078	5.790376452946985	8.094270160074565	0.0	0.005861161206897908	0.016445974000292483	15691.446711371886
-1389.6718650997475	5.714201206446457	7.937092816953346	0.0	0.005635382539228928	0.016526203946586646	15691.446711371886
-1389.66995875618	5.722243615473437	7.954579333384674	0.0	0.005647695273764472	0.016523379887914923	15691.446711371886
-1389.6741436723848	5.708919004196471	7.928040277742356	0.0	0.005675033397533562	0.016536699590901892	15691.446711371886
-1389.8609262283408	5.819589205789589	8.159755083105946	0.0	0.006081461352507757	0.016471872033315453	15691.446711371886
-1390.8829336752592	5.920238872238989	8.365558777514364	0.0	0.0057039839956028095	0.017109892956541386	15691.446711371886
-1389.6700677211893	5.7195182092756145	7.949242310987703	0.0	0.005532828953442006	0.016530178573955265	15691.446711371886
-1511.6248609953454	6.703894290816895	9.773537770810226	0.0	0.001	0.0032971853897233	15691.446711371886
-1389.6702571866679	5.718093254080738	7.946628236104731	0.0	0.005575457977144126	0.01652409101803886	15691.446711371886
-1390.9906407924295	5.961530799779967	8.45461638773045	0.0	0.006808678783971282	0.0160974926953845	15691.446711371886
-1389.8805398113134	5.81374373272611	8.139401290913566	0.0	0.0069566099019739355	0.016086086795348873	15691.446711371886
-1390.264685341795	5.81671303044614	8.143935092265748	0.0	0.005934776171245803	0.017372250458093777	15691.446711371886
-1389.6739342798114	5.727811329363507	7.96536911362087	0.0	0.005541623690000429	0.016447757553478336	15691.446711371886
-9418.934130417276	6.230775098722696	9.298072752494713	0.0	0.044147949888821224	0.3047226974255942	15691.446711371886
-1390.3389674534828	5.8862032892702505	8.296380857877486	0.0	0.006293963448968831	0.016715197469453724	15691.446711371886
-1389.6789202229593	5.737614924287814	7.985853312523457	0.0	0.005620130728660133	0.016585762690100384	15691.446711371886
-1389.671941654887	5.730504113857178	7.972122872057066	0.0	0.005555591112753479	0.01651139638049548	15691.446711371886
-1389.6755031150456	5.70937759435774	7.929067620665614	0.0	0.005671091612408723	0.01649210755860893	15691.446711371886
-1389.6718742206458	5.715852858017935	7.942225172219509	0.0	0.005698244253816657	0.016583505833243778	15691.446711371886
-1390.4898924383706	5.913493584392195	8.335247431987403	0.0	0.004489597922957524	0.016031755523232993	15691.446711371886
-1389.6708858156528	5.728158332823829	7.966248286443775	0.0	0.005647914539623241	0.016535150716941602	15691.446711371886
-1389.7697023104222	5.668210607608862	7.84300389251498	0.0	0.005269033322910791	0.01683745979009232	15691.446711371886
-4351.580026303489	4.582484326395024	5.655456366864279	0.0	0.09046599777013246	0.15978694745634242	15691.446711371886
-1390.19103299554	5.869709898049574	8.265856463827673	0.0	0.006937625316180532	0.016089669897351753	15691.446711371886
-1390.2556414167616	5.881690923375952	8.288954781687748	0.0	0.006102166050143113	0.016533802455351642	15691.446711371886
-1390.4885858888128	5.79319278134875	8.095222468127423	0.0	0.005629004026144412	0.017707791808381373	15691.446711371886
-1389.8278295757389	5.800851523690496	8.118814699732672	0.0	0.006037447380719145	0.016376490722429818	15691.446711371886
-1389.7894420105033	5.801501605607781	8.115831678479633	0.0	0.004758528421951151	0.01630210290499047	15691.446711371886
-1390.812990663434	5.8835274187727675	8.289235049106992	0.0	0.0063119782386343234	0.015199952027506897	15691.446711371886
-2557.4568786005475	6.609631943745139	9.960698140264297	0.0	0.017541292423001727	0.09104429863122399	15691.446711371886
-1389.6745842989726	5.734330733962757	7.978942372970741	0.0	0.005598729370338272	0.016556793812910486	15691.446711371886
-5052.533696085818	6.48797149197428	9.488682113482302	0.0	0.04942551133822638	0.1825275564427118	15691.446711371886
-1390.909238001686	5.898570552349787	8.32064278314986	0.0	0.004983299324453777	0.017341300550313386	15691.446711371886
-1389.803679800274	5.798444622909895	8.114437541680301	0.0	0.005084182508090581	0.016147793531575135	15691.446711371886
-1389.6698565107395	5.722527321378151	7.955461572467356	0.0	0.005590964699266541	0.01653029690547449	15691.446711371886
-1389.7025113716047	5.758041376152458	8.02810741057669	0.0	0.005676383457602488	0.016453216502514443	15691.446711371886
-1389.6766261455646	5.736691327926936	7.985012768918692	0.0	0.0056221384433526285	0.016551856013141214	15691.446711371886
-1403.0002948965025	5.104777391689202	6.769180957413844	0.0	0.003585861838852775	0.019507362841317318	15691.446711371886
-1389.6822188617566	5.727565092029576	7.964821252616493	0.0	0.005707171053967081	0.01667981807086071	15691.446711371886
-1389.686011851413	5.746961522408382	8.00572181406986	0.0	0.00557411645890976	0.016479575804563325	15691.446711371886
-1392.115706800801	6.035708782332837	8.5998455404347	0.0	0.010980529653710991	0.016177145468736723	15691.446711371886
