# /lisc/scratch/admixlab/xinhuang/software/mambaforge/envs/dadi-cli-cpu/bin/dadi-cli InferDM --fs examples/results/fs/1KG.YRI.CEU.20.syn.unfolded.fs --model split_mig --lbounds 1e-3 1e-3 0 0 0 --ubounds 100 100 1 10 0.5 --output ./examples/results/demog/1KG.YRI.CEU.20.split_mig.demog.params --optimizations 10 --cpus 2
# Log(likelihood)	nu1	nu2	T	m	misid	theta
-3025.360476837235	0.6195060230642963	0.0960087174072566	1.0	8.275100647033396	0.0	17327.835525733182
-2919.2835784410404	0.4201263190681157	0.07571036701022378	0.9999742956728362	9.999355731259929	0.0	23503.496205868258
-2919.3740667486477	0.4201869577938091	0.07565453341091624	0.9999999999999999	10.0	0.0	23511.322138866937
-1363.1734225544947	2.2329579119954968	0.5239812566991853	0.2915993140598067	1.2176490929945996	0.02063169413420821	6778.0256258647105
-1521.133622490796	2.155478202025906	0.572282044954643	0.8197901330265447	1.4224059804655838	0.02793652270594818	5536.198168088129
-2919.3740667422367	0.42018771186180554	0.07565452079206843	1.0	10.0	0.0	23511.306468033654
-2950.205951589417	0.43694783551467287	0.07923197209454161	1.0	9.535110983958278	0.0	22421.30410439142
-1671.3448358025935	1.3983755065288779	0.4418211422629021	0.3547410667581259	1.793174618026359	0.018541630570629613	7397.71719085873
-1363.5232000134556	2.1962404735065575	0.5205585358451276	0.28705141560398295	1.2196336418810247	0.02038130967290285	6821.381769319546
-2919.3294709926377	0.42041807963665345	0.07560651132215782	0.9999106009808556	9.999989809244918	0.0	23512.83268231371
